1 0.45166666666666666 0.10538116591928258 0.39666666666666667 0.10538116591928258 0.39666666666666667 0.12556053811659199 0.45166666666666666 0.12556053811659199
1 0.8543333333333334 0.24708520179372187 0.8106666666666666 0.12959641255605384 0.6459999999999999 0.24035874439461888 0.6896666666666665 0.35784753363228694
1 0.46357547169811314 0.13305271173534142 0.4630220125786163 0.11592774346391405 0.3978553459119497 0.11973940265673914 0.39840880503144654 0.13686437092816653
1 0.6761964549483014 0.18310470222758013 0.6746356474643034 0.12851143597114678 0.5859847365829641 0.13309840962833921 0.5875455440669621 0.18769167588477256
1 0.5536 0.14547085201793722 0.5525999999999999 0.12125560538116589 0.4794923076923076 0.12671955846843738 0.48049230769230766 0.15093480510520868
1 0.74 0.3251121076233185 0.41666666666666674 0.3251121076233185 0.41666666666666674 0.9977578475336323 0.74 0.9977578475336323
1 0.6492767295597482 0.13448684321854643 0.6419811320754715 0.10013537524325242 0.5642767295597482 0.13000253828581104 0.5715723270440249 0.16435400626110505
1 0.5060572803850782 0.20631817519548018 0.3654695547533093 0.13600006475530596 0.3427162454873646 0.21832996066115173 0.4833039711191336 0.2886480711013259
1 0.7333333333333333 0.14798206278026918 0.62 0.14798206278026918 0.62 0.21076233183856516 0.7333333333333333 0.21076233183856516
1 0.29066666666666663 0.262780269058296 0.17050980392156861 0.13144289105776844 0.08817647058823529 0.2677657610129254 0.20833333333333334 0.3991031390134529
1 0.5833333333333334 0.09865470852017946 0.5283333333333333 0.09865470852017946 0.5283333333333333 0.13228699551569517 0.5833333333333334 0.13228699551569517
1 0.68 0.23094170403587452 0.475 0.2309417040358745 0.475 0.34080717488789253 0.68 0.34080717488789253
1 0.548415300546448 0.1334999632434022 0.5466530054644808 0.10742115709769903 0.47827868852459005 0.11578328309931633 0.4800409836065573 0.14186208924501947
1 0.3315683695096105 0.2151409444274572 0.2045348242344515 0.12684408560391622 0.17357560476503692 0.20745539045701372 0.3006091500401959 0.29575224928055466
1 0.6314942528735632 0.12161744239987629 0.621264367816092 0.08721199938147513 0.5560344827586208 0.12231328282047313 0.566264367816092 0.1567187258388743
1 0.4865088757396451 0.15330219969750852 0.3974852071005917 0.10398811261177604 0.3813313609467456 0.15676493220473917 0.47035502958579883 0.20607901929047162
1 0.34721978392977715 0.17784689777540932 0.23478561782579338 0.12149635290662292 0.2196578888138645 0.1761232714533569 0.33209205491784827 0.2324738163221433
1 0.4981148317476009 0.2597109609755206 0.3423320565097409 0.16514742574965138 0.3083479550228592 0.26646955598565786 0.4641307302607192 0.36103309121152705
1 0.3634901960784313 0.17583750989184918 0.27948039215686277 0.103917172250066 0.25333333333333335 0.1591928251121077 0.3373431372549019 0.2311131627538909
1 0.45 0.2780269058295965 0.21166666666666673 0.2780269058295965 0.21166666666666673 0.874439461883408 0.45 0.874439461883408
1 0.25000000000000006 0.289237668161435 2.7248391281028613e-17 0.289237668161435 5.4802944261844064e-17 0.8946188340807175 0.2500000000000001 0.8946188340807175
1 0.6184313725490196 0.1216037984700607 0.6125490196078431 0.08994988129781062 0.5509803921568627 0.1106568187813242 0.5568627450980392 0.1423107359535743
1 0.36229621869699696 0.17188135449900202 0.27719195849546047 0.10547713353457447 0.25500000000000006 0.15695067264573992 0.3401042602015365 0.22335489361016744
1 0.48434719183078034 0.13160012167479473 0.4054660831509847 0.10161022853273943 0.39666666666666667 0.14349775784753374 0.47554777534646236 0.17348765098958902
1 1.0077001249841264 0.8899993876823812 0.982095088190671 0.24987346784599698 0.6997065212305924 0.2703162445166777 0.7253115580240477 0.9104421643530619
1 0.37259279279279267 0.1549460671433767 0.33422522522522513 0.10087262150042425 0.3099657657657657 0.13202520906556783 0.3483333333333332 0.18609865470852027
1 0.355 0.13228699551569514 0.28833333333333333 0.13228699551569512 0.28833333333333333 0.21748878923766823 0.355 0.21748878923766823
1 0.45518197573656843 0.1830054946336005 0.45426343154246096 0.15334846235748542 0.3561005199306759 0.1588508677168904 0.35701906412478335 0.18850789999300546
1 0.3909024867281364 0.12170959896857236 0.3253199217658564 0.08586710970947876 0.3133333333333333 0.12556053811659199 0.3789158982956133 0.1614030273756856
1 0.6125 0.18497757847533633 0.5913793103448276 0.11867944951291173 0.46807471264367817 0.18977114581722596 0.48919540229885056 0.2560692747796505
1 0.5195862068965517 0.1300912324107005 0.5176091954022988 0.09817535178599043 0.465471264367816 0.1040204113190042 0.4674482758620689 0.13593629194371426
1 0.6456475583864119 0.23291251321013395 0.6443885350318471 0.18548741823998172 0.5071231422505308 0.19208248836080086 0.5083821656050956 0.2395075833309531
1 0.5732051282051281 0.16902380131079683 0.5398717948717948 0.1017592273197655 0.4502564102564102 0.1821317695757158 0.48358974358974355 0.24939634356674714
1 0.7932745098039216 0.21601160643629647 0.780843137254902 0.14075441835927194 0.6394901960784313 0.18301239778422576 0.651921568627451 0.2582695858612503