8 0.4036829458722768 0.3543758044718189 0.04370014490345591 0.285022500343175 0.03498542274052481 0.5416666666666666 0.3949682237093457 0.6110199707953106
8 0.901846452866861 0.3750000000000003 0.7667638483965015 0.3750000000000003 0.7667638483965015 0.5324074074074077 0.901846452866861 0.5324074074074077
4 0.6239067055393586 0.4467592592592594 0.6122448979591837 0.4467592592592594 0.6122448979591837 0.5069444444444445 0.6239067055393586 0.5069444444444445
4 0.6064139941690962 0.4490740740740742 0.5840621963070942 0.4490740740740742 0.5840621963070942 0.550925925925926 0.6064139941690962 0.550925925925926
4 0.7191448007774538 0.4930555555555558 0.6938775510204082 0.4930555555555558 0.6938775510204082 0.5925925925925929 0.7191448007774538 0.5925925925925929
4 0.5637405541367125 0.5488724018135782 0.5599367159991409 0.43561576282164516 0.5396583343762215 0.43947992109756817 0.543462172513793 0.5527365600895012
4 0.293185203075313 0.5659023668639054 0.2895969545891053 0.44197074293228134 0.27452171062846104 0.4444471838702607 0.27810995911466874 0.5683788078018848
4 0.37998056365403304 0.47685185185185197 0.3673469387755102 0.47685185185185197 0.3673469387755102 0.539351851851852 0.37998056365403304 0.539351851851852
4 0.3294460641399417 0.4490740740740742 0.3100097181729835 0.4490740740740742 0.3100097181729835 0.5717592592592594 0.3294460641399417 0.5717592592592594
4 0.6433430515063168 0.4490740740740742 0.6355685131195336 0.4490740740740742 0.6355685131195336 0.5046296296296298 0.6433430515063168 0.5046296296296298
4 0.6880466472303207 0.4490740740740743 0.673469387755102 0.4490740740740742 0.673469387755102 0.5138888888888891 0.6880466472303207 0.5138888888888892
4 0.31304113398838085 0.437847045158366 0.29374354826799953 0.4326236613972463 0.2872218166788825 0.5693264018735718 0.30651940239926384 0.5745497856346914
4 0.2487852283770651 0.44212962962962976 0.21477162293488827 0.4421296296296297 0.2147716229348883 0.6597222222222222 0.2487852283770651 0.6597222222222222
4 0.9086491739552964 0.5601851851851855 0.8940719144800777 0.5601851851851855 0.8940719144800777 0.6435185185185188 0.9086491739552964 0.6435185185185188
4 0.5121477162293488 0.4328703703703705 0.4878522837706511 0.4328703703703705 0.4878522837706511 0.5763888888888891 0.5121477162293488 0.5763888888888891
4 0.9532529614162267 0.5125375375375377 0.9160139731568302 0.46557807807807816 0.8848107582801459 0.6059684684684685 0.9220497465395424 0.6529279279279281
4 0.1379980563654033 0.42824074074074076 0.09718172983479109 0.42824074074074076 0.09718172983479109 0.6203703703703703 0.13799805636540333 0.6203703703703703
4 0.42737957716779423 0.5490915443745632 0.4129673432715403 0.42893955276030754 0.38768175733905413 0.44614779874213834 0.40209399123530803 0.566299790356394
4 0.363979255068364 0.5378392005867253 0.36112153489401416 0.4697698936560323 0.3443793358927729 0.4737577924459113 0.3472370560671227 0.5418270993766042