8 0.626953 0.454861 0.007812 0.027778
8 0.736328 0.454861 0.007812 0.027778
8 0.662109 0.454861 0.007812 0.027778
3 0.503906 0.461806 0.113281 0.194444
3 0.896484 0.416667 0.007812 0.006944
3 0.904297 0.416667 0.007812 0.006944
3 0.912109 0.416667 0.007812 0.006944
1 0.369141 0.423611 0.007812 0.006944
0 0.208984 0.427083 0.218750 0.125000
0 0.837891 0.416667 0.007812 0.006944
0 0.396484 0.420139 0.015625 0.013889
0 0.359375 0.420139 0.027344 0.013889
0 0.380859 0.420139 0.015625 0.013889
2 0.849609 0.402778 0.007812 0.006944
2 0.722656 0.343750 0.144531 0.250000
2 0.412109 0.406250 0.015625 0.041667
2 0.068359 0.416667 0.046875 0.048611
9 0.302734 0.246528 0.140625 0.250000
9 0.361328 0.395833 0.007812 0.020833
9 0.021484 0.347222 0.046875 0.145833
9 0.404297 0.388889 0.007812 0.020833
9 0.416016 0.388889 0.007812 0.020833
9 0.365234 0.409722 0.007812 0.006944
9 0.349609 0.395833 0.007812 0.020833
4 0.845703 0.416667 0.007812 0.006944
4 0.919922 0.416667 0.007812 0.006944