2 0.3035373443983403 0.33280390716512154 0.28083852005532506 0.3076528552615036 0.275 0.3269537480063797 0.29769882434301526 0.3521047999099977
2 0.38083333333333336 0.3333333333333334 0.3566666666666667 0.3333333333333334 0.3566666666666667 0.3588516746411484 0.38083333333333336 0.3588516746411484
2 0.5548897698031852 0.5387062672138497 0.48405939216913557 0.5127902832779463 0.47947336393351414 0.5587012026776158 0.5503037415675638 0.5846171866135191
2 0.5396845865116842 0.5638372753863988 0.46786112120111395 0.5453328860903374 0.46406405133793444 0.5993172013016395 0.5358875166485046 0.6178215905977009
2 0.22551880674448768 0.3795232687307231 0.22429312581063557 0.3419904554452987 0.1834111543450065 0.34688064341965624 0.18463683527885863 0.38441345670508065
2 0.2903660809371672 0.32698177334128237 0.2518610223642172 0.32403401766105655 0.2513232161874334 0.3497663706172198 0.28982827476038336 0.35271412629744564
2 0.2646544715447155 0.3376901233127164 0.22395325203252037 0.3290348932197456 0.22208333333333338 0.3612440191387561 0.2627845528455285 0.36989924923172685
2 0.4116666666666667 0.3413078149920256 0.37416666666666665 0.3413078149920256 0.37416666666666665 0.3716108452950559 0.4116666666666667 0.3716108452950559
2 0.3433333333333333 0.35247208931419466 0.3125 0.35247208931419466 0.3125 0.3811802232854865 0.3433333333333333 0.3811802232854865
2 0.32575221238938057 0.3611805055680231 0.2890818584070797 0.35650167252402937 0.2881305309734513 0.3838125079391964 0.3248008849557522 0.38849134098319016
2 0.18750000000000003 0.3652312599681021 0.1566666666666667 0.3652312599681021 0.1566666666666667 0.39712918660287083 0.18750000000000006 0.39712918660287083
10 0.27675182481751825 0.5770032247174006 0.24521897810218984 0.41104087358409297 0.20333333333333334 0.44019138755980863 0.23486618004866178 0.6061537386931163
10 0.44028846153846163 0.8145626303521041 0.41605769230769235 0.5826892405839774 0.36253205128205135 0.6031775242301559 0.3867628205128205 0.8350509139982825
11 0.19916666666666671 0.405103668261563 0.12750000000000006 0.405103668261563 0.12750000000000006 0.47208931419457734 0.19916666666666671 0.47208931419457734
11 0.47583333333333333 0.3620414673046253 0.39416666666666667 0.3620414673046253 0.39416666666666667 0.4449760765550241 0.47583333333333333 0.4449760765550241