8 0.3207371556217424 0.41605042016806726 0.3176871527578899 0.32930833872010346 0.09887450598545164 0.34341952165481576 0.10192450884930408 0.4301616031027796
8 0.9667991006806491 0.3493639207507822 0.8003110659398195 0.3432700729927009 0.79957805907173 0.38000000000000017 0.9660660938125596 0.3860938477580815
8 0.7859317305901904 0.4572867848221721 0.7843999550304422 0.3556381586772927 0.5669326194416044 0.36164862614487925 0.5684643950013526 0.4632972522897586
8 0.6542304469764244 0.34375573297095297 0.6538466362628377 0.3224443689485307 0.5505325687221864 0.32585697299133687 0.5509163794357732 0.3471683370137592
8 0.6744536309705044 0.605953531415221 0.6654712831256563 0.39763363700495324 0.24362904597168847 0.43099392403911063 0.25261139381653663 0.6393138184493784
8 0.5928270042194093 0.33714285714285724 0.47257383966244726 0.33714285714285724 0.47257383966244726 0.40857142857142864 0.5928270042194093 0.40857142857142875
8 0.9978902953586498 0.3685714285714287 0.9578059071729957 0.3685714285714287 0.9578059071729957 0.43428571428571444 0.9978902953586498 0.43428571428571444
8 0.4810126582278481 0.3285714285714286 0.34810126582278483 0.3285714285714286 0.34810126582278483 0.37142857142857144 0.4810126582278481 0.37142857142857144
8 0.8337812554303172 0.3817592962814874 0.8331173859570096 0.3368058490889358 0.6917815152420044 0.3406340321014451 0.692445384715312 0.38558747929399667
8 0.39121079158643474 0.4533665835411471 0.3871386933510106 0.3430708941930887 0.12808169449793239 0.36061275382971136 0.13215379273335648 0.4709084431777698
8 0.7320675105485233 0.3257142857142858 0.5506329113924051 0.3257142857142858 0.5506329113924051 0.3571428571428572 0.7320675105485233 0.3571428571428572
8 0.4953586497890295 0.3674285714285715 0.4927833551578641 0.325576354679803 0.3965808235122944 0.33643349753694585 0.39915611814345986 0.3782857142857144
8 0.9978902953586498 0.43428571428571444 0.9451476793248945 0.43428571428571444 0.9451476793248945 0.5457142857142859 0.9978902953586498 0.5457142857142859
8 1.0231418370658878 0.8335824175824176 0.986432976306394 0.4358681318681319 0.38013631937682574 0.5385054945054945 0.4168451801363194 0.93621978021978
8 0.6497890295358649 0.33714285714285724 0.47257383966244726 0.33714285714285724 0.47257383966244726 0.40857142857142864 0.6497890295358649 0.40857142857142875
8 1.0070108525417796 0.39021834061135385 0.713356549297072 0.3371927635683096 0.6997033515744476 0.47587024329382416 0.9933576548191551 0.5288958203368685
8 0.4963139192076954 0.5141643779463005 0.4927398313447021 0.37137446197991386 0.17246850577217615 0.3860774748923959 0.17604259363516944 0.5288673908587825
8 0.980021495103893 0.4691266846361186 0.9769365496377677 0.3730350404312669 0.6998965050553301 0.3893477088948787 0.7029814505214553 0.4854393530997304
8 0.2673047236801482 0.3985087108013937 0.2656478336935268 0.3267038327526132 0.07754039312545026 0.33466480836236934 0.07919728311207164 0.4064696864111498
8 0.7341772151898734 0.3314285714285715 0.609704641350211 0.3314285714285715 0.609704641350211 0.3571428571428572 0.7341772151898734 0.3571428571428572