12 0.6832478834726823 0.35833530525319446 0.6822464403194801 0.26069459781598914 0.5259396563308852 0.2643016774464952 0.5269410994840873 0.3619423848837005
10 0.3025994837128919 0.13604356719389205 0.2771163760728636 0.025393231388506042 0.20222648815383606 0.06419980967382032 0.22770959579386432 0.17485014547920633
10 0.5555189540761237 0.1523336188248729 0.5514814448800021 0.035245852137343395 0.5009992203884881 0.039162576451340164 0.5050367295846098 0.15625034313886968
10 0.6846515603761159 0.40504561315004 0.6047680105379689 0.33357085803169806 0.5151190426143132 0.5590116450161854 0.59500259245246 0.6304864001345274
10 0.4849927378358751 0.3203213507625272 0.47550835148874376 0.13537581699346404 0.4300980392156863 0.14061546840958605 0.4395824255628176 0.32556100217864925
10 0.5537037037037037 0.19907407407407418 0.5345679012345679 0.19907407407407418 0.5345679012345679 0.3037037037037038 0.5537037037037037 0.3037037037037038
10 0.27473018543684435 0.1986760930995061 0.24780013949107332 0.19276461959921487 0.24120163650351964 0.26039927522163986 0.2681316824492907 0.2663107487219311
10 0.15162555363108612 0.18030239783351817 0.14173059643322436 0.02528140173368389 0.10314290777637941 0.030823250636528646 0.11303786497424119 0.18584424673636293
10 0.7708415906989035 0.24009116131589378 0.7689167070360093 0.12171081604791475 0.7321574844761526 0.12305566565376316 0.7340823681390467 0.2414360109217422
10 0.5206773600257076 0.12591208062409842 0.4761887017778962 0.03642921119384118 0.4222414802963691 0.09677695047826128 0.46673013854418066 0.1862598199085185
10 0.3708424110384895 0.360239651416122 0.34201161946259984 0.18725490196078431 0.2892883079157589 0.2070261437908497 0.3181190994916485 0.3800108932461873
10 0.4117292962061818 0.16606109759394427 0.4036838785257276 0.061470667748040005 0.37568532035685315 0.06631657204649906 0.38373073803730734 0.17090700189240332
10 0.07839506172839508 0.22037037037037038 1.8142915542923752e-17 0.22037037037037038 2.3774778909373e-17 0.35833333333333334 0.07839506172839508 0.35833333333333334
10 0.9152991452991452 0.13122507122507138 0.8822507122507123 0.1250284900284902 0.871994301994302 0.24810541310541326 0.9050427350427349 0.25430199430199446
10 0.06041511309967686 0.08091598309719114 0.053196619438230175 0.007828734775043499 0.02075814069102659 0.015037285607755411 0.027976634352473276 0.08812453392990305
10 1.0294581898532762 0.43972791298423813 0.9323839041921365 0.32760711304562157 0.7939121053378069 0.5973573705540559 0.8909863909989466 0.7094781704926725
10 0.49919197038163216 0.168203893745513 0.48355645649450285 0.16335149288399012 0.4774075481791179 0.20793107817053094 0.4930430620662472 0.2127834790320538
10 0.19022373757632483 0.16921045594330794 0.17718166421535855 0.07922014975264074 0.14058586263760753 0.09115356331060304 0.15362793599857377 0.18114386950127023
10 0.20308641975308642 3.0559473367612193e-17 0.1259259259259259 2.34723969836576e-17 0.1259259259259259 0.10833333333333336 0.20308641975308642 0.10833333333333336
10 0.578294961628295 0.1352102102102103 0.5611611611611611 0.1273023023023024 0.5486686686686686 0.18820320320320327 0.5658024691358025 0.19611111111111118
10 0.5944444444444444 0.13425925925925936 0.5722222222222222 0.13425925925925936 0.5722222222222222 0.2000000000000001 0.5944444444444444 0.2000000000000001