3 0.951172 0.423611 0.015625 0.006944
3 0.968750 0.423611 0.011719 0.006944
6 0.203125 0.503472 0.019531 0.125000
1 0.865234 0.430556 0.015625 0.006944
0 0.046875 0.454861 0.097656 0.194444
0 0.164062 0.451389 0.167969 0.229167
2 0.966797 0.395833 0.015625 0.048611
2 0.738281 0.395833 0.019531 0.062500
9 0.951172 0.399306 0.007812 0.027778
9 0.736328 0.395833 0.007812 0.034722
9 0.908203 0.399306 0.007812 0.027778
9 0.894531 0.399306 0.011719 0.027778
9 0.794922 0.395833 0.007812 0.034722
9 0.847656 0.399306 0.011719 0.027778
4 0.496094 0.503472 0.503906 0.569444
4 0.855469 0.420139 0.019531 0.013889
4 0.076172 0.413194 0.070312 0.083333
4 0.130859 0.392361 0.039062 0.055556
4 0.898438 0.423611 0.027344 0.020833
4 0.785156 0.420139 0.019531 0.013889
4 0.992188 0.427083 0.011719 0.013889