8 0.169922 0.475694 0.007812 0.013889
8 0.285156 0.475694 0.011719 0.027778
8 0.208984 0.479167 0.007812 0.020833
3 0.498047 0.500000 0.304688 0.284722
3 0.220703 0.437500 0.007812 0.006944
3 0.228516 0.437500 0.007812 0.006944
3 0.236328 0.437500 0.007812 0.006944
7 0.775391 0.430556 0.007812 0.006944
7 0.957031 0.437500 0.011719 0.006944
1 0.128906 0.486111 0.136719 0.104167
2 0.220703 0.420139 0.007812 0.013889
2 0.164062 0.423611 0.011719 0.020833
2 0.287109 0.350694 0.164062 0.291667
2 0.787109 0.427083 0.007812 0.013889
9 0.869141 0.420139 0.007812 0.013889
9 0.892578 0.420139 0.007812 0.013889
9 0.900391 0.420139 0.007812 0.013889
4 0.972656 0.434028 0.011719 0.013889
4 0.173828 0.434028 0.007812 0.013889
4 0.240234 0.430556 0.007812 0.006944
4 0.894531 0.434028 0.011719 0.013889