8 0.326172 0.600694 0.046875 0.125000
6 0.242188 0.503472 0.042969 0.208333
5 0.496094 0.482639 0.199219 0.152778
1 0.060547 0.381944 0.015625 0.006944
1 0.031250 0.381944 0.011719 0.006944
1 0.044922 0.381944 0.015625 0.006944
0 0.148438 0.378472 0.019531 0.013889
0 0.085938 0.378472 0.019531 0.013889
0 0.117188 0.378472 0.019531 0.013889
2 0.117188 0.350694 0.019531 0.069444
2 0.082031 0.364583 0.019531 0.041667
9 0.033203 0.350694 0.007812 0.027778
9 0.058594 0.350694 0.011719 0.027778
9 0.166016 0.343750 0.007812 0.027778
9 0.181641 0.343750 0.007812 0.027778
9 0.103516 0.364583 0.007812 0.027778
9 0.041016 0.354167 0.007812 0.020833
9 0.046875 0.350694 0.011719 0.027778
9 0.029297 0.350694 0.007812 0.027778
4 0.011719 0.375000 0.027344 0.020833