3 0.871094 0.572917 0.011719 0.013889
7 0.765625 0.569444 0.011719 0.006944
7 0.857422 0.572917 0.023438 0.013889
0 0.701172 0.569444 0.007812 0.006944
2 0.498047 0.409722 0.632812 0.826389
2 0.478516 0.565972 0.007812 0.013889
2 0.072266 0.562500 0.007812 0.020833
2 0.669922 0.565972 0.007812 0.013889
2 0.783203 0.569444 0.007812 0.006944
2 0.494141 0.565972 0.007812 0.013889
9 0.722656 0.545139 0.011719 0.027778
9 0.716797 0.545139 0.007812 0.027778
9 0.728516 0.545139 0.007812 0.027778
9 0.773438 0.545139 0.011719 0.027778
9 0.783203 0.545139 0.007812 0.027778
9 0.767578 0.545139 0.007812 0.027778
4 0.884766 0.572917 0.023438 0.013889
4 0.744141 0.572917 0.023438 0.013889