6 0.671875 0.520833 0.019531 0.118056
6 0.640625 0.493056 0.011719 0.118056
7 0.185547 0.423611 0.015625 0.020833
5 0.267578 0.423611 0.007812 0.006944
5 0.259766 0.423611 0.007812 0.006944
5 0.255859 0.427083 0.007812 0.013889
5 0.248047 0.427083 0.015625 0.013889
5 0.240234 0.427083 0.015625 0.013889
0 0.886719 0.451389 0.222656 0.270833
0 0.210938 0.420139 0.042969 0.027778
0 0.714844 0.447917 0.175781 0.208333
2 0.037109 0.416667 0.007812 0.006944
2 0.208984 0.392361 0.031250 0.027778
4 0.500000 0.503472 0.347656 0.569444
4 0.792969 0.399306 0.058594 0.069444
4 0.839844 0.375000 0.019531 0.034722
4 0.248047 0.416667 0.007812 0.006944
4 0.017578 0.416667 0.007812 0.006944