3 0.255859 0.604167 0.007812 0.006944
3 0.263672 0.604167 0.007812 0.006944
3 0.271484 0.604167 0.007812 0.006944
7 0.798828 0.597222 0.007812 0.006944
5 0.580078 0.611111 0.007812 0.006944
0 0.498047 0.836806 1.000000 0.319444
0 0.177734 0.604167 0.007812 0.006944
2 0.244141 0.590278 0.007812 0.006944
2 0.185547 0.593750 0.007812 0.027778
2 0.767578 0.541667 0.210938 0.312500
2 0.556641 0.597222 0.007812 0.006944
9 0.503906 0.375000 0.621094 0.756944
9 0.931641 0.586806 0.007812 0.013889
9 0.943359 0.586806 0.007812 0.013889
9 0.923828 0.590278 0.007812 0.006944
4 0.609375 0.607639 0.019531 0.013889
4 0.207031 0.604167 0.011719 0.006944
4 0.529297 0.607639 0.015625 0.013889
4 0.957031 0.604167 0.011719 0.006944