8 0.501953 0.496528 0.046875 0.125000
3 0.892578 0.277778 0.007812 0.006944
3 0.738281 0.277778 0.011719 0.006944
6 0.298828 0.451389 0.054688 0.298611
7 0.753906 0.277778 0.011719 0.006944
7 0.763672 0.277778 0.007812 0.006944
7 0.861328 0.277778 0.007812 0.006944
5 0.113281 0.420139 0.207031 0.208333
2 0.064453 0.260417 0.015625 0.027778
2 0.654297 0.270833 0.007812 0.020833
4 0.869141 0.277778 0.007812 0.006944
4 0.642578 0.277778 0.007812 0.006944
4 0.871094 0.524306 0.253906 0.944444
4 0.716797 0.277778 0.007812 0.006944