3 0.187500 0.548611 0.019531 0.006944
7 0.181641 0.552083 0.023438 0.013889
2 0.476562 0.423611 0.574219 0.854167
2 0.083984 0.541667 0.007812 0.020833
9 0.033203 0.524306 0.015625 0.027778
9 0.056641 0.524306 0.007812 0.027778
9 0.025391 0.524306 0.007812 0.027778
9 0.050781 0.524306 0.011719 0.027778
9 0.044922 0.517361 0.007812 0.013889
9 0.041016 0.524306 0.007812 0.027778
9 0.064453 0.524306 0.015625 0.027778
9 0.095703 0.524306 0.015625 0.027778
9 0.105469 0.524306 0.011719 0.027778
9 0.087891 0.524306 0.007812 0.027778
4 0.017578 0.548611 0.007812 0.006944
4 0.205078 0.552083 0.023438 0.013889
4 0.060547 0.552083 0.023438 0.013889