8 0.498047 0.496528 0.046875 0.125000
3 0.169922 0.281250 0.007812 0.013889
6 0.662109 0.465278 0.062500 0.312500
7 0.191406 0.281250 0.019531 0.013889
5 0.230469 0.680556 0.464844 0.631944
9 0.083984 0.243056 0.015625 0.034722
9 0.097656 0.243056 0.011719 0.034722
9 0.060547 0.243056 0.015625 0.034722
9 0.091797 0.243056 0.007812 0.034722
9 0.072266 0.243056 0.015625 0.034722
9 0.046875 0.246528 0.011719 0.041667
9 0.052734 0.243056 0.007812 0.034722
9 0.121094 0.243056 0.011719 0.034722
9 0.128906 0.243056 0.011719 0.034722
9 0.105469 0.246528 0.011719 0.041667
4 0.888672 0.312500 0.218750 0.368056
4 0.199219 0.277778 0.019531 0.020833
4 0.156250 0.277778 0.027344 0.020833