7 0.507812 0.496528 0.636719 0.458333
7 0.759766 0.333333 0.007812 0.006944
7 0.908203 0.343750 0.023438 0.013889
1 0.001953 0.340278 0.007812 0.006944
1 0.009766 0.340278 0.007812 0.006944
1 0.033203 0.340278 0.007812 0.006944
2 0.058594 0.326389 0.011719 0.020833
2 0.775391 0.333333 0.007812 0.006944
9 0.773438 0.309028 0.011719 0.027778
9 0.791016 0.309028 0.007812 0.027778
9 0.763672 0.315972 0.007812 0.027778
9 0.783203 0.315972 0.007812 0.027778
9 0.779297 0.309028 0.007812 0.013889
9 0.796875 0.309028 0.011719 0.027778
9 0.824219 0.309028 0.011719 0.027778
9 0.833984 0.309028 0.007812 0.027778
9 0.816406 0.312500 0.011719 0.020833
4 0.933594 0.336806 0.027344 0.013889
4 0.796875 0.336806 0.019531 0.013889