8 0.500000 0.555556 0.027344 0.062500
3 0.781250 0.440972 0.011719 0.013889
3 0.082031 0.437500 0.011719 0.006944
6 0.484375 0.531250 0.035156 0.152778
7 0.257812 0.437500 0.011719 0.006944
5 0.201172 0.541667 0.234375 0.145833
0 0.199219 0.437500 0.011719 0.006944
0 0.177734 0.437500 0.007812 0.006944
2 0.203125 0.434028 0.011719 0.013889
2 0.037109 0.430556 0.007812 0.006944
9 0.707031 0.409722 0.011719 0.034722
9 0.716797 0.413194 0.007812 0.027778
9 0.687500 0.413194 0.011719 0.027778
9 0.697266 0.413194 0.007812 0.027778
9 0.677734 0.420139 0.007812 0.013889
9 0.681641 0.413194 0.007812 0.027778
9 0.738281 0.413194 0.011719 0.027778
9 0.744141 0.413194 0.007812 0.027778
9 0.724609 0.413194 0.007812 0.027778
4 0.867188 0.468750 0.261719 0.291667
4 0.765625 0.440972 0.027344 0.013889
4 0.060547 0.437500 0.007812 0.006944