8 0.068359 0.840278 0.132812 0.312500
6 0.013672 0.579861 0.031250 0.305556
5 0.490234 0.482639 0.312500 0.263889
1 0.046875 0.309028 0.011719 0.013889
1 0.017578 0.309028 0.007812 0.013889
1 0.031250 0.309028 0.011719 0.013889
0 0.140625 0.305556 0.019531 0.020833
0 0.076172 0.305556 0.023438 0.020833
0 0.107422 0.309028 0.023438 0.013889
2 0.103516 0.277778 0.015625 0.076389
2 0.068359 0.291667 0.015625 0.048611
9 0.019531 0.277778 0.011719 0.034722
9 0.048828 0.281250 0.007812 0.027778
9 0.156250 0.267361 0.011719 0.027778
9 0.173828 0.267361 0.007812 0.027778
9 0.095703 0.295139 0.007812 0.027778
9 0.091797 0.291667 0.007812 0.020833
9 0.037109 0.281250 0.007812 0.027778
9 0.013672 0.281250 0.007812 0.027778
4 0.005859 0.305556 0.015625 0.020833