8 0.492188 0.604167 0.035156 0.090278
6 0.509766 0.531250 0.023438 0.152778
5 0.791016 0.541667 0.226562 0.145833
1 0.710938 0.444444 0.011719 0.006944
1 0.687500 0.444444 0.011719 0.006944
1 0.699219 0.444444 0.011719 0.006944
0 0.789062 0.440972 0.019531 0.013889
0 0.734375 0.440972 0.019531 0.013889
0 0.761719 0.440972 0.019531 0.013889
2 0.757812 0.416667 0.019531 0.062500
2 0.728516 0.427083 0.015625 0.041667
9 0.689453 0.416667 0.007812 0.020833
9 0.712891 0.416667 0.007812 0.020833
9 0.806641 0.409722 0.007812 0.020833
9 0.822266 0.406250 0.007812 0.027778
9 0.748047 0.430556 0.007812 0.020833
9 0.701172 0.416667 0.007812 0.020833
4 0.125000 0.465278 0.253906 0.298611
4 0.669922 0.440972 0.023438 0.013889
4 0.519531 0.447917 0.105469 0.083333