8 0.500000 0.496528 0.027344 0.069444
3 0.089844 0.361111 0.011719 0.006944
6 0.490234 0.465278 0.031250 0.187500
7 0.109375 0.361111 0.011719 0.006944
7 0.263672 0.357639 0.007812 0.013889
7 0.816406 0.364583 0.019531 0.013889
7 0.119141 0.361111 0.007812 0.006944
7 0.216797 0.361111 0.007812 0.006944
7 0.205078 0.361111 0.007812 0.006944
7 0.255859 0.361111 0.007812 0.006944
7 0.267578 0.361111 0.007812 0.006944
5 0.140625 0.482639 0.285156 0.180556
2 0.279297 0.347222 0.007812 0.006944
2 0.048828 0.350694 0.007812 0.013889
9 0.718750 0.333333 0.011719 0.034722
9 0.730469 0.333333 0.011719 0.034722
9 0.699219 0.333333 0.011719 0.034722
9 0.724609 0.333333 0.007812 0.034722
9 0.708984 0.333333 0.007812 0.034722
9 0.689453 0.333333 0.007812 0.034722
9 0.693359 0.336806 0.007812 0.027778
9 0.750000 0.333333 0.011719 0.034722
9 0.755859 0.329861 0.007812 0.027778
9 0.736328 0.329861 0.007812 0.027778
4 0.177734 0.361111 0.007812 0.006944
4 0.888672 0.392361 0.218750 0.361111
4 0.826172 0.361111 0.015625 0.020833
4 0.775391 0.361111 0.023438 0.020833
4 0.064453 0.361111 0.007812 0.006944