3 0.142578 0.833333 0.078125 0.020833
3 0.925781 0.788194 0.011719 0.013889
3 0.935547 0.791667 0.007812 0.006944
3 0.943359 0.791667 0.007812 0.006944
3 0.919922 0.788194 0.007812 0.013889
1 0.367188 0.798611 0.011719 0.006944
0 0.306641 0.913194 0.617188 0.166667
0 0.847656 0.784722 0.011719 0.006944
0 0.392578 0.788194 0.015625 0.013889
0 0.355469 0.791667 0.027344 0.020833
0 0.375000 0.788194 0.019531 0.013889
2 0.855469 0.774306 0.011719 0.013889
2 0.466797 0.774306 0.015625 0.055556
2 0.414062 0.777778 0.019531 0.048611
2 0.013672 0.809028 0.031250 0.069444
9 0.498047 0.510417 0.382812 0.680556
9 0.361328 0.767361 0.007812 0.027778
9 0.404297 0.756944 0.007812 0.020833
9 0.416016 0.756944 0.007812 0.020833
9 0.345703 0.767361 0.007812 0.027778
4 0.535156 0.791667 0.011719 0.020833
4 0.869141 0.788194 0.007812 0.013889
4 0.947266 0.788194 0.007812 0.013889