6 0.714844 0.406250 0.027344 0.180556
7 0.203125 0.309028 0.019531 0.013889
5 0.478516 0.482639 0.320312 0.277778
9 0.101562 0.270833 0.011719 0.034722
9 0.113281 0.270833 0.011719 0.034722
9 0.076172 0.274306 0.015625 0.041667
9 0.107422 0.270833 0.007812 0.034722
9 0.089844 0.270833 0.011719 0.034722
9 0.064453 0.270833 0.007812 0.034722
9 0.068359 0.270833 0.007812 0.034722
9 0.136719 0.270833 0.011719 0.034722
9 0.142578 0.274306 0.007812 0.027778
9 0.132812 0.284722 0.011719 0.020833
9 0.119141 0.274306 0.007812 0.027778
4 0.867188 0.326389 0.175781 0.243056
4 0.208984 0.305556 0.015625 0.020833
4 0.171875 0.305556 0.027344 0.020833