3 0.060547 0.402778 0.007812 0.006944
3 0.822266 0.454861 0.281250 0.194444
7 0.482422 0.486111 0.382812 0.243056
7 0.080078 0.402778 0.007812 0.006944
7 0.250000 0.406250 0.019531 0.013889
7 0.107422 0.402778 0.007812 0.006944
7 0.072266 0.402778 0.007812 0.006944
1 0.675781 0.479167 0.019531 0.076389
0 0.001953 0.402778 0.007812 0.006944
2 0.935547 0.295139 0.125000 0.388889
9 0.117188 0.378472 0.011719 0.027778
9 0.138672 0.378472 0.007812 0.027778
9 0.109375 0.378472 0.011719 0.027778
9 0.130859 0.378472 0.007812 0.027778
9 0.148438 0.378472 0.011719 0.027778
9 0.171875 0.378472 0.011719 0.027778
9 0.181641 0.378472 0.007812 0.027778
9 0.164062 0.378472 0.011719 0.027778
4 0.037109 0.402778 0.007812 0.006944
4 0.269531 0.406250 0.019531 0.013889
4 0.146484 0.406250 0.023438 0.013889