8 0.638672 0.538194 0.039062 0.111111
3 0.892578 0.354167 0.007812 0.006944
3 0.740234 0.354167 0.007812 0.006944
6 0.496094 0.496528 0.035156 0.250000
7 0.755859 0.354167 0.007812 0.006944
7 0.921875 0.350694 0.011719 0.013889
7 0.636719 0.347222 0.011719 0.006944
7 0.763672 0.354167 0.007812 0.006944
7 0.861328 0.354167 0.007812 0.006944
7 0.849609 0.354167 0.007812 0.006944
7 0.908203 0.354167 0.007812 0.006944
5 0.277344 0.475694 0.199219 0.180556
5 0.111328 0.354167 0.007812 0.006944
1 0.017578 0.354167 0.007812 0.006944
1 0.056641 0.354167 0.007812 0.006944
1 0.068359 0.354167 0.007812 0.006944
1 0.048828 0.354167 0.007812 0.006944
1 0.775391 0.354167 0.007812 0.006944
2 0.537109 0.343750 0.007812 0.013889
2 0.072266 0.329861 0.007812 0.013889
2 0.853516 0.347222 0.007812 0.020833
2 0.939453 0.340278 0.007812 0.020833
2 0.568359 0.343750 0.007812 0.013889
2 0.708984 0.343750 0.007812 0.013889
4 0.978516 0.579861 0.039062 0.319444