8 0.224609 0.711806 0.015625 0.041667
8 0.267578 0.680556 0.015625 0.034722
8 0.232422 0.704861 0.015625 0.041667
3 0.550781 0.565972 0.019531 0.013889
7 0.527344 0.565972 0.019531 0.013889
1 0.621094 0.565972 0.011719 0.013889
1 0.642578 0.722222 0.007812 0.006944
0 0.783203 0.802083 0.429688 0.388889
0 0.123047 0.555556 0.007812 0.006944
2 0.583984 0.548611 0.007812 0.048611
2 0.324219 0.524306 0.175781 0.388889
2 0.123047 0.548611 0.007812 0.006944
9 0.501953 0.427083 0.617188 0.861111
4 0.328125 0.559028 0.011719 0.013889