8 0.847656 0.534722 0.035156 0.090278
3 0.892578 0.375000 0.007812 0.006944
3 0.541016 0.375000 0.007812 0.006944
3 0.740234 0.375000 0.007812 0.006944
6 0.753906 0.500000 0.058594 0.201389
7 0.912109 0.375000 0.007812 0.006944
7 0.636719 0.375000 0.011719 0.006944
7 0.763672 0.375000 0.007812 0.006944
7 0.857422 0.375000 0.007812 0.006944
7 0.849609 0.375000 0.007812 0.006944
7 0.904297 0.375000 0.007812 0.006944
7 0.919922 0.375000 0.007812 0.006944
5 0.501953 0.482639 0.195312 0.152778
0 0.830078 0.375000 0.007812 0.006944
2 0.078125 0.361111 0.011719 0.034722
2 0.853516 0.364583 0.007812 0.013889
2 0.935547 0.361111 0.007812 0.006944
2 0.568359 0.368056 0.007812 0.020833
2 0.654297 0.368056 0.007812 0.020833
4 0.822266 0.375000 0.007812 0.006944
4 0.869141 0.375000 0.007812 0.006944