3 0.080078 0.673611 0.093750 0.062500
3 0.892578 0.604167 0.007812 0.006944
3 0.902344 0.604167 0.011719 0.006944
3 0.912109 0.604167 0.007812 0.006944
1 0.343750 0.611111 0.011719 0.006944
0 0.365234 0.843750 0.734375 0.305556
0 0.816406 0.597222 0.011719 0.006944
0 0.369141 0.607639 0.015625 0.013889
0 0.332031 0.607639 0.027344 0.013889
0 0.353516 0.607639 0.015625 0.013889
2 0.826172 0.583333 0.007812 0.006944
2 0.390625 0.593750 0.019531 0.041667
9 0.503906 0.361111 0.660156 0.729167
9 0.335938 0.579861 0.011719 0.027778
9 0.380859 0.572917 0.007812 0.027778
9 0.330078 0.593750 0.007812 0.013889
9 0.337891 0.597222 0.007812 0.006944
9 0.322266 0.579861 0.007812 0.027778
4 0.511719 0.607639 0.011719 0.013889
4 0.841797 0.604167 0.007812 0.006944