6 0.156250 0.489583 0.019531 0.097222
6 0.314453 0.486111 0.015625 0.090278
5 0.859375 0.430556 0.011719 0.006944
1 0.916016 0.430556 0.007812 0.006944
0 0.119141 0.447917 0.203125 0.166667
0 0.296875 0.447917 0.152344 0.166667
2 0.216797 0.416667 0.007812 0.020833
2 0.789062 0.402778 0.019531 0.062500
9 0.785156 0.399306 0.011719 0.027778
9 0.964844 0.402778 0.011719 0.020833
9 0.949219 0.402778 0.011719 0.020833
9 0.847656 0.399306 0.011719 0.027778
9 0.902344 0.399306 0.011719 0.027778
4 0.521484 0.468750 0.312500 0.319444
4 0.906250 0.427083 0.019531 0.013889
4 0.201172 0.434028 0.046875 0.097222
4 0.242188 0.420139 0.042969 0.083333
4 0.951172 0.430556 0.031250 0.020833
4 0.835938 0.427083 0.019531 0.013889