8 0.671875 0.631944 0.058594 0.159722
6 0.503906 0.500000 0.035156 0.243056
5 0.714844 0.475694 0.199219 0.180556
1 0.068359 0.361111 0.015625 0.006944
1 0.052734 0.361111 0.015625 0.006944
0 0.156250 0.357639 0.019531 0.013889
0 0.093750 0.357639 0.019531 0.013889
0 0.125000 0.357639 0.019531 0.013889
2 0.126953 0.329861 0.015625 0.069444
2 0.091797 0.340278 0.015625 0.048611
9 0.041016 0.322917 0.007812 0.013889
9 0.066406 0.329861 0.011719 0.027778
9 0.173828 0.322917 0.007812 0.027778
9 0.191406 0.322917 0.011719 0.027778
9 0.111328 0.343750 0.007812 0.027778
9 0.056641 0.329861 0.007812 0.027778
9 0.037109 0.322917 0.007812 0.013889
4 0.037109 0.520833 0.078125 0.451389
4 0.003906 0.392361 0.011719 0.055556