8 0.496094 0.500000 0.027344 0.076389
6 0.511719 0.437500 0.019531 0.131944
5 0.748047 0.447917 0.195312 0.125000
0 0.779297 0.357639 0.015625 0.013889
0 0.726562 0.357639 0.011719 0.013889
0 0.750000 0.357639 0.019531 0.013889
2 0.748047 0.336806 0.015625 0.069444
2 0.718750 0.350694 0.019531 0.041667
9 0.681641 0.340278 0.007812 0.020833
9 0.701172 0.340278 0.007812 0.020833
9 0.794922 0.326389 0.007812 0.020833
9 0.812500 0.326389 0.011719 0.020833
9 0.736328 0.347222 0.007812 0.020833
9 0.689453 0.340278 0.007812 0.020833
9 0.693359 0.340278 0.007812 0.020833
9 0.677734 0.340278 0.007812 0.020833
4 0.140625 0.385417 0.285156 0.263889
4 0.660156 0.361111 0.019531 0.020833
4 0.511719 0.368056 0.097656 0.076389