3 0.898438 0.423611 0.199219 0.284722
7 0.505859 0.503472 0.664062 0.430556
7 0.125000 0.347222 0.011719 0.006944
0 0.023438 0.347222 0.011719 0.006944
2 0.019531 0.343750 0.011719 0.013889
2 0.142578 0.336806 0.007812 0.013889
9 0.156250 0.322917 0.011719 0.027778
9 0.173828 0.322917 0.007812 0.027778
9 0.146484 0.322917 0.007812 0.027778
9 0.166016 0.322917 0.007812 0.027778
9 0.162109 0.315972 0.007812 0.013889
9 0.183594 0.322917 0.011719 0.027778
9 0.207031 0.319444 0.011719 0.020833
9 0.216797 0.319444 0.007812 0.020833
9 0.201172 0.322917 0.007812 0.027778
4 0.183594 0.350694 0.019531 0.013889