8 0.384766 0.541667 0.039062 0.104167
6 0.494141 0.500000 0.039062 0.243056
7 0.189453 0.357639 0.023438 0.013889
5 0.134766 0.607639 0.273438 0.375000
9 0.083984 0.326389 0.015625 0.034722
9 0.097656 0.326389 0.011719 0.034722
9 0.060547 0.326389 0.015625 0.034722
9 0.091797 0.326389 0.007812 0.034722
9 0.074219 0.326389 0.011719 0.034722
9 0.046875 0.326389 0.011719 0.034722
9 0.052734 0.326389 0.007812 0.034722
9 0.121094 0.326389 0.011719 0.034722
9 0.126953 0.326389 0.007812 0.034722
9 0.105469 0.326389 0.011719 0.034722
4 0.767578 0.385417 0.242188 0.305556
4 0.201172 0.357639 0.007812 0.013889
4 0.156250 0.357639 0.027344 0.013889