8 0.744141 0.493056 0.023438 0.062500
3 0.806641 0.378472 0.007812 0.013889
3 0.097656 0.375000 0.011719 0.006944
6 0.777344 0.465278 0.035156 0.145833
7 0.115234 0.375000 0.007812 0.006944
7 0.269531 0.375000 0.011719 0.006944
7 0.826172 0.378472 0.023438 0.013889
7 0.123047 0.375000 0.007812 0.006944
7 0.212891 0.375000 0.007812 0.006944
5 0.494141 0.475694 0.210938 0.152778
0 0.189453 0.375000 0.007812 0.006944
2 0.216797 0.368056 0.007812 0.020833
9 0.730469 0.347222 0.011719 0.034722
9 0.742188 0.347222 0.011719 0.034722
9 0.710938 0.347222 0.011719 0.034722
9 0.736328 0.350694 0.007812 0.027778
9 0.722656 0.350694 0.011719 0.027778
9 0.701172 0.354167 0.007812 0.020833
9 0.705078 0.350694 0.007812 0.027778
9 0.761719 0.347222 0.011719 0.034722
9 0.767578 0.350694 0.007812 0.027778
9 0.748047 0.350694 0.007812 0.027778
4 0.181641 0.375000 0.007812 0.006944
4 0.839844 0.378472 0.011719 0.013889
4 0.791016 0.378472 0.023438 0.013889
4 0.072266 0.375000 0.007812 0.006944